1562868529
1563026767
1563108486
1563032872
1124895
1125355
1125355
1125355
1125355
1125355
1125355
1069731784
-818990875
-818990875
-818990875
-818990875
1563196446
1563173599
1562944376
1563026806
1563272518
1563272518
1563076444
1563076444
1563076041
1563075993
1563076275
1563076246
1563137534
1563137534
1563137534
1563137534
1563137534
1563137534
1563137534
1563137534
1563137534
1563278866
1563278866
1563290671
1563344125
1563327032
1563327032
1563330733
1563278880
1563278880
1563278909
1563316090
1563316090
1563347359
1563347359
1563309882
1563309882
1563309882
1563278997
1563278997
1563415916
1563212686
1563447847
1563170318
1563459710
1563479791
1563287438
1563287438
1563298350
1563484566
1563330633
1563330225
1563330402
1563330204
1563330204
1563330435
1563330392
1563330392
1563330303
1563330303
1563330303
1563567614
1563567614
1563330411
1563330411
1563582455
1563548691
1563548349
1563548696
1563567088
1563567088
1563567088
1563567088
1563567088
1563567088
1563567088
1563567088
1563576622
1563611391
1563611391
1563610244
1563631135
1563610241
1563631133
1563610237
1563436869
1563673298
1563673298
1563673296
1563700816
1563714589
1563781645
1564030349
1563972354
1563946046
1563941912
1563861593
1563960777
1563861358
1563821891
1564011560
1564012012
1564012012
1564012012
1564012012
1563861184
1563861055
1563861055
1563994527
1564034875
1564083301
1563934490
1564039918
1564133487
15641334871562868529
1563026767
1563108486
1563032872
1124895
1125355
1125355
1125355
1125355
1125355
1125355
1069731784
-818990875
-818990875
-818990875
-818990875
1563196446
1563173599
1562944376
1563026806
1563272518
1563272518
1563076444
1563076444
1563076041
1563075993
1563076275
1563076246
1563137534
1563137534
1563137534
1563137534
1563137534
1563137534
1563137534
1563137534
1563137534
1563278866
1563278866
1563290671
1563344125
1563327032
1563327032
1563330733
1563278880
1563278880
1563278909
1563316090
1563316090
1563347359
1563347359
1563309882
1563309882
1563309882
1563278997
1563278997
1563415916
1563212686
1563447847
1563170318
1563459710
1563479791
1563287438
1563287438
1563298350
1563484566
1563330633
1563330225
1563330402
1563330204
1563330204
1563330435
1563330392
1563330392
1563330303
1563330303
1563330303
1563567614
1563567614
1563330411
1563330411
1563582455
1563548691
1563548349
1563548696
1563567088
1563567088
1563567088
1563567088
1563567088
1563567088
1563567088
1563567088
1563576622
1563611391
1563611391
1563610244
1563631135
1563610241
1563631133
1563610237
1563436869
1563673298
1563673298
1563673296
1563700816
1563714589
1563781645
1564030349
1563972354
1563946046
1563941912
1563861593
1563960777
1563861358
1563821891
1564011560
1564012012
1564012012
1564012012
1564012012
1563861184
1563861055
1563861055
1563994527
1564034875
1564083301
1563934490
1564039918
1564133487
1564133487
1562868529
1563026767
1563108486
1563032872
1124895
1125355
1125355
1125355
1125355
1125355
1125355
1069731784
-818990875
-818990875
-818990875
-818990875
1563196446
1563173599
1562944376
1563026806
1563272518
1563272518
1563076444
1563076444
1563076041
1563075993
1563076275
1563076246
1563137534
1563137534
1563137534
1563137534
1563137534
1563137534
1563137534
1563137534
1563137534
1563278866
1563278866
1563290671
1563344125
1563327032
1563327032
1563330733
1563278880
1563278880
1563278909
1563316090
1563316090
1563347359
1563347359
1563309882
1563309882
1563309882
1563278997
1563278997
1563415916
1563212686
1563447847
1563170318
1563459710
1563479791
1563287438
1563287438
1563298350
1563484566
1563330633
1563330225
1563330402
1563330204
1563330204
1563330435
1563330392
1563330392
1563330303
1563330303
1563330303
1563567614
1563567614
1563330411
1563330411
1563582455
1563548691
1563548349
1563548696
1563567088
1563567088
1563567088
1563567088
1563567088
1563567088
1563567088
1563567088
1563576622
1563611391
1563611391
1563610244
1563631135
1563610241
1563631133
1563610237
1563436869
1563673298
1563673298
1563673296
1563700816
1563714589
1563781645
1564030349
1563972354
1563946046
1563941912
1563861593
1563960777
1563861358
1563821891
1564011560
1564012012
1564012012
1564012012
1564012012
1563861184
1563861055
1563861055
1563994527
1564034875
1564083301
1563934490
1564039918
1564133487
1564133487
1562868529
1563026767
1563108486
1562868529
1563026767
1563108486
1563032872
1124895
1125355
1125355
1125355
1125355
1125355
1125355
1069731784
-818990875
-818990875
-818990875
-818990875
1563196446
1563173599
1562944376
1563026806
1563272518
1563272518
1563076444
1563076444
1563076041
1563075993
1563076275
1563076246
1563137534
1563137534
1563137534
1563137534
1563137534
1563137534
1563137534
1563137534
1563137534
1563278866
1563278866
1563290671
1563344125
1563327032
1563327032
1563330733
1563278880
1563278880
1563278909
1563316090
1563316090
1563347359
1563347359
1563309882
1563309882
1563309882
1563278997
1563278997
1563415916
1563212686
1563447847
1563170318
1563459710
1563479791
1563287438
1563287438
1563298350
1563484566
1563330633
1563330225
1563330402
1563330204
1563330204
1563330435
1563330392
1563330392
1563330303
1563330303
1563330303
1563567614
1563567614
1563330411
1563330411
1563582455
1563548691
1563548349
1563548696
1563567088
1563567088
1563567088
1563567088
1563567088
1563567088
1563567088
1563567088
1563576622
1563611391
1563611391
1563610244
1563631135
1563610241
1563631133
1563610237
1563436869
1563673298
1563673298
1563673296
1563700816
1563714589
1563781645
1564030349
1563972354
1563946046
1563941912
1563861593
1563960777
1563861358
1563821891
1564011560
1564012012
1564012012
1564012012
1564012012
1563861184
1563861055
1563861055
1563994527
1564034875
1564083301
1563934490
1564039918
1564133487
1564133487
1562868529
1563026767
1563108486
1563032872
1124895
1125355
1125355
1125355
1125355
1125355
1125355
1069731784
-818990875
-818990875
-818990875
-818990875
1563196446
1563173599
1562944376
1563026806
1563272518
1563272518
1563076444
1563076444
1563076041
1563075993
1563076275
1563076246
1563137534
1563137534
1563137534
1563137534
1563137534
1563137534
1563137534
1563137534
1563137534
1563278866
1563278866
1563290671
1563344125
1563327032
1563327032
1563330733
1563278880
1563278880
1563278909
1563316090
1563316090
1563347359
1563347359
1563309882
1563309882
1563309882
1563278997
1563278997
1563415916
1563212686
1563447847
1563170318
1563459710
1563479791
1563287438
1563287438
1563298350
1563484566
1563330633
1563330225
1563330402
1563330204
1563330204
1563330435
1563330392
1563330392
1563330303
1563330303
1563330303
1563567614
1563567614
1563330411
1563330411
1563582455
1563548691
1563548349
1563548696
1563567088
1563567088
1563567088
1563567088
1563567088
1563567088
1563567088
1563567088
1563576622
1563611391
1563611391
1563610244
1563631135
1563610241
1563631133
1563610237
1563436869
1563673298
1563673298
1563673296
1563700816
1563714589
1563781645
1564030349
1563972354
1563946046
1563941912
1563861593
1563960777
1563861358
1563821891
1564011560
1564012012
1564012012
1564012012
1564012012
1563861184
1563861055
1563861055
1563994527
1564034875
1564083301
1563934490
1564039918
1564133487
1564133487
