1.328773962831962230e+01
1.318774849207734512e+01
2.230298806087640884e+01
4.231322339763534757e+01
1.058242160143179547e+02
2.469039578794480860e+02
5.892318024263431653e+02
1.163342172797262720e+03
2.411253546099290816e+03
4.047461309523809632e+03
2.857031512605041826e+03
9.498627534521173033e+00
9.464978215782073434e+00
1.564884240081008926e+01
3.668690819822493410e+01
9.643646291306197327e+01
2.666562745098039500e+02
7.060991692627206930e+02
1.923545968882602438e+03
4.673357388316151628e+03
8.343233128834355739e+03
7.952906432748538464e+03
1.349434902112543355e+01
1.161067711668331448e+01
2.312953041821861788e+01
5.090193509750346124e+01
1.503202166464021161e+02
4.485313324538258826e+02
1.437576109936574994e+03
3.874492877492877597e+03
1.387701020408163276e+04
2.666562745098039159e+04
2.304994915254237276e+04
2.350694000311133536e+01
2.380942960187681479e+01
3.910478189608074473e+01
1.146183733670459333e+02
2.941061851211072735e+02
1.043704528012279297e+03
3.028835189309576890e+03
9.645014184397163262e+03
3.237969047619047706e+04
7.999688235294117476e+04
9.066313333333333139e+04
5.279707275409581513e+01
5.425897701883179280e+01
1.010887534378948942e+02
2.310870008496176808e+02
9.496836592178771070e+02
2.428476785714285597e+03
1.062458593750000000e+04
4.386925806451612880e+04
1.133289166666666715e+05
2.719894000000000233e+05
3.399867500000000000e+05
1.205413047332033329e+02
1.418384438881935807e+02
2.762435506804793590e+02
7.399058759521218462e+02
2.085808282208588935e+03
1.114710655737704838e+04
2.385871929824561448e+04
6.181577272727272793e+04
2.719894000000000233e+05
6.799735000000000000e+05
6.799735000000000000e+05
2.773703854782785925e+02
3.667602481121898563e+02
8.023286135693215329e+02
2.189930756843800282e+03
7.513519337016574354e+03
2.158646031746031804e+04
8.499668750000000000e+04
1.236315454545454559e+05
4.533156666666666861e+05
6.799735000000000000e+05
1.359947000000000000e+06
6.601684466019416959e+02
1.014885820895522443e+03
2.445947841726618663e+03
6.833904522613065637e+03
2.666562745098039159e+04
7.999688235294117476e+04
3.399867500000000000e+05
6.799735000000000000e+05
4.533156666666666861e+05
1.359947000000000000e+06
1.359947000000000000e+06
1.476598262757871908e+03
2.441556552962298156e+03
6.974087179487179128e+03
2.833222916666666788e+04
7.555261111111110949e+04
3.399867500000000000e+05
1.359947000000000000e+06
3.399867500000000000e+05
1.359947000000000000e+06
1.359947000000000000e+06
1.359947000000000000e+06
2.869086497890295504e+03
6.098417040358744089e+03
1.618984523809523853e+04
4.856953571428571740e+04
1.359947000000000000e+06
4.533156666666666861e+05
6.799735000000000000e+05
1.359947000000000000e+06
1.359947000000000000e+06
1.359947000000000000e+06
1.359947000000000000e+06
2.148415481832543264e+03
6.414844339622641201e+03
2.193462903225806440e+04
7.555261111111110949e+04
3.399867500000000000e+05
4.533156666666666861e+05
6.799735000000000000e+05
1.359947000000000000e+06
1.359947000000000000e+06
6.799735000000000000e+05
4.533156666666666861e+05
